1.319289,-4.086668,-0.682391,-1.349618,-4.086668,-0.682391,0.353690,-4.704352,-1.105281,-0.622817,-4.649641,-0.896857,-0.074738,-4.150204,-0.896857,3.251680,0.310580,0.241461,-3.154615,-0.475242,-0.234254
1.215089,-3.522423,-0.472729,-1.278281,-3.497905,-0.698185,0.409168,-4.113604,-0.916808,-0.590832,-4.113604,-0.916808,-0.349346,-3.894176,-1.334765,2.864733,0.204591,0.247989,-2.828927,-0.253923,-0.240116
1.073761,-2.257996,-0.000000,-0.741949,-2.340184,-0.192252,0.556818,-2.710028,-0.192252,-0.346907,-2.933304,-0.557530,0.006195,-2.655236,-0.557530,2.029527,0.210567,0.199118,-1.899732,-0.125444,-0.000000
1.965902,-3.552299,0.565878,-1.210733,-3.652541,0.278448,0.064001,-4.966150,-0.785473,-0.745669,-4.685797,-0.269880,0.064971,-4.012783,-0.000000,3.183588,-0.065783,-0.000000,-3.058802,0.223454,0.278448
1.466844,-4.050491,0.000000,-1.400170,-3.847966,-0.000000,-0.006061,-5.041633,-0.818281,-0.767801,-4.679160,-0.281284,-0.177105,-4.213987,-0.281284,3.038910,-0.293239,-0.281284,-3.333737,0.000000,0.000000
1.844188,-3.243526,0.536563,-0.847572,-3.180144,0.536563,0.325439,-4.331739,-0.503544,-0.640212,-4.253670,-0.255706,-0.203283,-3.915370,-0.503544,2.969978,-0.061369,0.000000,-2.969978,-0.061369,0.000000
1.187895,-3.923063,-0.274364,-1.323044,-3.636009,-0.000000,-0.079480,-4.850957,-1.046804,-0.895030,-4.571591,-0.540018,-0.611605,-4.372044,-1.046804,2.799529,-0.282938,-0.274364,-3.275094,-0.220177,-0.274364
0.940540,-2.677022,-0.224136,-0.818511,-2.534976,0.000000,0.221153,-3.285223,-0.440674,-0.748697,-3.410030,-0.649994,-0.516996,-3.211876,-0.852451,2.309370,0.142767,0.232141,-1.954281,0.192387,0.232141
1.304550,-3.278537,-0.256913,-1.482547,-3.522408,-0.745878,-0.042819,-4.230642,-1.204282,-1.042819,-4.230642,-1.204282,-0.651726,-3.991250,-1.422905,2.890030,0.275075,0.265773,-2.737556,-0.265905,-0.256913
0.765397,-4.520498,-1.038479,-1.803015,-4.097298,-0.639703,-0.420545,-5.277550,-1.599257,-1.334993,-5.111473,-1.230198,-0.678887,-4.613243,-1.230198,3.257747,-0.179916,0.000000,-3.109250,0.226374,0.225248
0.850772,-3.893218,-0.750681,-1.610127,-3.703371,-0.570517,-0.121905,-4.554539,-1.097149,-1.099049,-4.428225,-0.926165,-0.400363,-3.994560,-0.750681,2.905413,-0.106972,-0.000000,-2.905413,0.053486,-0.000000
0.971890,-3.537291,-0.699761,-1.167653,-3.281063,-0.182130,0.125000,-4.249432,-1.022727,-0.875000,-4.249432,-1.022727,-0.147727,-3.726226,-0.699761,2.757576,-0.000000,-0.000000,-2.644526,0.188196,0.187260
0.608027,-3.873814,-0.969969,-1.600201,-3.640480,-0.505622,-0.385716,-4.560638,-1.397897,-1.379930,-4.533000,-1.294093,-1.006257,-4.151602,-1.599516,2.840200,-0.212997,-0.130573,-2.768494,0.258234,0.270048
1.337461,-4.405941,-0.246831,-1.753417,-4.214338,-0.246831,-0.575940,-5.538527,-1.382256,-1.463080,-5.385828,-0.946751,-0.797725,-4.834641,-0.946751,2.797042,-0.556142,-0.719925,-3.324830,0.196285,0.254091
0.890737,-3.045038,-0.260845,-1.356552,-2.985196,-0.386496,-0.060553,-3.652201,-0.628822,-1.053660,-3.660967,-0.745709,-0.384196,-3.266157,-0.509119,2.188199,-0.263127,-0.260845,-2.485525,-0.094088,-0.132053
1.112613,-3.803534,-0.325819,-1.604359,-3.658748,-0.325819,-0.327903,-4.674495,-1.074067,-1.316119,-4.618878,-0.931460,-0.725619,-4.204960,-0.931460,2.590264,-0.439320,-0.482769,-3.104651,-0.117524,-0.164946
0.712092,-2.927700,-0.271177,-1.481433,-2.808721,-0.271177,-0.474531,-3.690566,-0.893291,-1.467769,-3.699681,-1.009032,-0.994084,-3.404539,-1.009032,1.964084,-0.204890,-0.401744,-2.396227,-0.297609,-0.137305
1.668868,-3.289986,0.546396,-1.191368,-3.322942,0.359407,0.178552,-4.065360,-0.172792,-0.798682,-3.942246,0.000000,-0.249588,-3.537913,0.000000,1.974182,-0.825924,-0.821815,-2.486438,0.601718,0.546396
2.142485,-3.231628,0.989855,-1.034443,-3.143564,0.577861,0.475834,-4.171406,0.380104,-0.485118,-3.977851,0.577861,-0.193108,-3.764157,0.187551,2.180124,-0.760868,-0.703897,-2.261268,1.055680,0.989855
1.582689,-3.680537,0.403900,-1.434652,-3.547775,0.199257,-0.207205,-4.808039,-0.383187,-0.873780,-4.342811,0.199257,-0.387445,-4.091000,0.000000,2.071838,-0.821936,-0.922487,-2.530690,0.952699,0.830238
0.915285,-2.956697,0.000000,-1.082676,-2.645870,0.170550,-0.170708,-3.595353,-0.326887,-0.339573,-3.102918,0.526923,-0.261510,-3.044956,0.000000,1.605577,-0.692957,-0.636105,-1.978889,0.539437,0.526923
2.101124,-3.406094,1.010336,-1.297826,-3.364149,0.490088,-0.218037,-4.853264,-0.234542,-1.094530,-4.432847,0.000000,-1.043857,-4.538025,-0.684081,1.803674,-1.254642,-1.109321,-2.421233,0.895525,0.746271
2.227360,-3.238121,1.224821,-0.909612,-3.057878,0.965011,-0.268285,-4.764188,-0.224263,-1.179458,-4.418543,0.000000,-1.122100,-4.453715,-0.654357,1.757392,-1.206143,-1.061512,-2.223099,1.058496,0.965011
1.899686,-3.253004,0.846861,-1.211743,-3.355720,0.555468,-0.175629,-4.662180,-0.264915,-1.020415,-4.197254,0.000000,-0.677987,-4.089963,-0.264915,1.598096,-1.356036,-1.247790,-2.248886,1.082923,0.846861
2.157720,-2.522450,1.301574,-0.619853,-2.564145,1.023611,-0.159895,-4.034950,-0.235910,-0.530777,-3.462080,0.495025,-0.391436,-3.453726,-0.000000,1.961483,-0.647193,-0.464562,-1.954386,0.903065,0.754913
1.388153,-3.168492,0.296052,-1.289469,-3.232883,0.000000,0.245613,-4.041104,0.000000,-0.736839,-3.854591,0.000000,0.013158,-3.484897,0.296052,1.443481,-1.145574,-1.087140,-2.073198,0.699704,0.602869
1.789397,-3.479677,0.691184,-1.128933,-3.258066,0.691184,0.000000,-4.633089,0.000000,-0.841008,-4.211784,0.339420,-0.563187,-4.134141,0.000000,2.208598,-0.887958,-0.644324,-2.096306,1.116693,1.055975
1.984726,-2.721575,1.054874,-1.047361,-3.036515,0.689725,-0.287409,-4.308776,-0.326052,-0.784484,-3.750674,0.338356,-0.243115,-3.339572,0.338356,1.869192,-0.811782,-0.640459,-1.812820,1.123441,1.054874
1.271612,-4.023460,0.000000,-1.328835,-3.561567,0.429169,0.535667,-4.464431,0.429169,-0.230317,-4.002111,0.875855,0.431440,-3.583343,0.875855,1.515819,-1.673759,-1.560615,-2.544814,0.624441,0.429169
1.220125,-4.323818,-0.000000,-1.830188,-4.147336,-0.000000,-0.548544,-5.398284,-0.922784,-1.347367,-5.001510,-0.470620,-0.664097,-4.569129,-0.470620,2.581436,-0.764169,-0.470620,-2.688996,0.796009,0.490229
0.288773,-2.904040,-0.586231,-0.739953,-2.307404,0.312656,1.166258,-1.972248,1.339956,0.937969,-1.377056,2.110430,1.644786,-0.714300,2.525301,1.137722,-0.729857,-0.586231,-1.892569,-0.166140,-0.299352
1.811397,-2.823688,0.724023,-0.581900,-2.615984,0.724023,1.412514,-2.910231,1.108660,0.435252,-2.698200,1.108660,1.353106,-2.134288,1.509664,2.013907,-0.431098,-0.341126,-1.812738,0.776514,0.724023
1.017978,-3.504388,0.000000,-0.404303,-2.400586,1.169591,1.032116,-3.261028,0.763483,0.042416,-3.117875,0.763483,0.607959,-2.688416,0.763483,2.009342,-0.520067,-0.359286,-2.160606,0.541294,0.373951
0.899228,-2.087034,0.173919,-0.568759,-1.817834,0.353836,0.435443,-2.360957,0.173919,-0.495929,-2.485409,-0.168217,0.000000,-2.116383,0.000000,1.451532,-0.310320,-0.331008,-1.590952,0.371528,0.353836
2.067502,-3.328459,0.520733,-0.367647,-3.168529,0.794118,1.235294,-3.990441,-0.000000,0.235294,-3.990441,0.000000,0.636029,-3.661006,-0.248162,3.161041,0.546770,0.520733,-2.896140,-0.377826,-0.248162
0.942818,-2.473381,-0.266277,-0.748534,-2.438432,-0.266277,0.701196,-2.718023,-0.266277,-0.247566,-2.908825,-0.518161,0.548056,-2.335062,-0.135014,2.386273,0.554461,0.580968,-2.128297,-0.494520,-0.518161
1.558354,-3.390225,-0.328630,-0.867826,-3.390225,-0.328630,0.638272,-3.849403,-0.832528,-0.342307,-4.021097,-0.927321,-0.008607,-3.622484,-1.111385,3.264364,0.562416,0.857015,-2.659466,-0.471549,-0.433609
1.851426,-3.398863,0.139205,-0.897099,-3.633250,0.000000,0.635204,-4.256860,-0.651120,-0.352989,-4.346077,-0.526558,0.083440,-3.870094,-0.651120,3.286928,0.326359,0.281647,-3.352668,-0.725684,-0.773032
2.425457,-3.373701,0.729055,-0.707276,-3.563036,0.539956,0.773584,-4.706512,-0.338796,-0.159987,-4.589627,0.000000,0.200768,-4.284711,-0.338796,2.834406,-0.336386,-0.662015,-3.481622,-0.113776,-0.171415
1.185945,-4.008055,-0.399258,-1.706625,-4.045446,-0.591008,-0.450383,-5.250309,-1.643289,-1.285236,-5.033925,-1.137128,-0.855065,-4.825759,-1.478735,2.660993,-0.593963,-0.591008,-3.035257,0.322838,0.207947
0.655173,-4.304513,-1.245751,-1.779009,-4.093494,-0.911793,-0.253586,-5.149446,-1.563993,-1.104826,-4.944697,-1.080808,-0.889481,-4.753235,-1.563993,3.016732,0.024459,-0.191832,-3.173039,-0.055391,0.000000
1.196298,-3.659068,-0.658513,-1.467801,-3.778488,-0.813103,0.087737,-4.618184,-1.255048,-0.901339,-4.650541,-1.111240,-0.358066,-4.192154,-1.111240,3.784391,0.934136,0.926034,-3.108386,-0.504434,-0.500058
1.050385,-3.770364,-0.821564,-1.560202,-3.888691,-0.973999,-0.047001,-4.724787,-1.410033,-1.036796,-4.712014,-1.268109,-0.449122,-4.254306,-1.268109,3.603912,0.744742,0.738282,-3.200532,-0.623156,-0.665366
1.298011,-3.410755,0.185430,-1.293890,-3.153471,0.185430,-0.435787,-4.375901,-0.694174,-1.434627,-4.327743,-0.694174,-0.849036,-3.958738,-0.527392,2.534447,-0.367353,-0.356221,-2.423418,0.642741,0.571961
1.469591,-3.680304,0.203065,-1.330453,-3.346769,0.203065,-0.362880,-4.843343,-0.759517,-1.316005,-4.601912,-0.577133,-0.555225,-4.247312,-0.389885,2.532972,-0.652160,-0.577133,-2.693612,0.650882,0.626601
1.418766,-3.671056,0.000000,-1.674676,-3.646182,-0.368511,-0.236461,-4.658650,-0.886729,-1.219221,-4.582254,-0.718362,-0.883566,-4.289796,-1.050938,2.885238,-0.193213,-0.186680,-2.963218,0.090590,0.191725
0.838588,-3.644389,-0.523713,-1.753671,-3.538261,-0.689216,-0.384400,-4.483416,-1.007651,-1.383343,-4.437442,-1.007651,-1.164158,-4.216085,-1.310361,2.348951,-0.394749,-0.523713,-2.719681,0.189337,0.184269
1.198169,-3.913025,-0.191991,-1.703746,-4.023901,-0.191991,-0.855073,-4.998017,-1.247944,-1.513479,-4.689151,-0.561575,-1.373908,-4.506808,-1.082554,2.852545,-0.337656,-0.379122,-3.004680,0.470974,0.399342
0.890676,-4.361109,-0.720547,-2.060897,-4.307743,-0.720547,-0.613584,-5.113746,-1.374836,-1.551813,-4.980776,-1.055389,-0.934215,-4.563898,-1.055389,3.075725,-0.320485,-0.369169,-3.433272,0.168203,0.000000
0.726950,-4.136645,-0.791437,-1.959247,-3.902182,-0.791437,-0.638525,-4.843197,-1.493949,-1.624525,-4.744119,-1.359833,-0.978674,-4.280557,-1.222634,2.629202,-0.400101,-0.486444,-3.204572,-0.140348,-0.328300
0.914123,-4.028243,-0.467449,-1.750337,-3.744268,-0.467449,-0.343740,-4.634918,-1.041137,-1.281801,-4.431092,-0.760964,-0.688249,-4.015035,-0.760964,2.929855,-0.211891,-0.159617,-3.055775,-0.066440,-0.159617
1.048586,-4.121869,0.000000,-1.160735,-3.186973,1.009334,-1.097932,-5.237689,-1.110268,-1.716803,-4.793234,-0.462612,-1.473689,-4.601235,-0.900217,2.840778,-0.664426,-0.462612,-2.599971,1.184706,1.009334
0.996167,-3.589907,-0.206896,-1.427584,-3.426201,-0.000000,-0.276117,-4.407664,-0.793102,-1.274838,-4.458225,-0.793102,-0.825414,-4.053742,-0.793102,2.195366,-0.673327,-0.603204,-2.802294,0.267672,0.000000
0.727182,-1.898805,0.000000,-0.575622,-1.754651,0.206673,0.215652,-2.493486,-0.198724,-0.678278,-2.738413,-0.574091,-0.239746,-2.469105,-0.389948,1.892547,0.412027,0.421781,-1.395423,0.103078,0.206673
1.478481,-3.542877,0.264715,-1.352987,-3.514090,0.000000,-0.104076,-4.972872,-0.977409,-1.074485,-4.909116,-0.744511,-0.848514,-4.869550,-1.203249,3.153048,0.271995,0.264715,-3.051337,-0.263220,-0.256176
1.621757,-3.684499,0.290175,-1.696329,-4.014246,-0.280815,-0.339026,-5.639620,-1.318978,-1.180852,-5.443505,-0.816118,-1.081781,-5.465796,-1.559150,2.935033,-0.160064,-0.280815,-3.032868,0.231777,0.290175
1.976852,-3.172422,0.807489,-1.293976,-3.513586,0.000000,-0.035647,-4.964497,-0.962461,-1.008939,-4.959333,-0.732951,-1.037397,-5.032601,-1.611077,3.207942,0.329002,0.260338,-2.882037,-0.059552,0.000000
1.380222,-1.057678,1.276233,-0.522310,-1.286896,0.436606,0.415584,-1.974550,0.436606,-0.460862,-2.177572,0.000000,-0.153621,-2.053139,-0.000000,1.990484,0.442180,0.592537,-1.474758,0.093325,0.000000
2.381820,-3.145392,1.342571,-0.838774,-3.210370,0.988947,0.546973,-4.707389,0.000000,-0.124748,-4.347898,0.647732,0.216903,-4.178644,0.318282,3.485776,0.116969,0.318282,-2.672493,0.596318,0.647732
1.399813,-3.801629,0.321933,-1.092273,-3.676592,0.655364,-0.886870,-5.373072,-0.902469,-1.552797,-4.918396,-0.311020,-1.597704,-4.980498,-0.902469,2.279569,-0.793044,-0.902469,-2.887860,0.259559,0.321933
1.700192,-2.696121,0.775862,-0.353175,-2.366518,1.339286,0.166667,-3.993750,-0.000000,-0.833333,-3.993750,-0.000000,-0.756614,-3.973214,-0.476190,2.457885,-0.192339,-0.241935,-2.483333,0.255937,0.250000
2.282881,-3.174063,1.260487,-0.707273,-3.029895,1.260487,-0.066526,-5.002906,-0.289709,-0.997885,-4.782365,0.000000,-0.655600,-4.605281,-0.289709,2.703266,-0.455463,-0.570220,-3.193233,0.000000,0.000000
1.479096,-2.300814,0.609084,-0.525617,-2.206406,0.609084,0.354923,-3.279155,0.000000,-0.621819,-3.378264,-0.190137,-0.407607,-3.300211,-0.374333,2.218268,0.089840,0.000000,-1.903274,0.271017,0.399288
1.186208,-1.906620,0.514087,-0.557617,-1.931216,0.336816,0.627263,-2.513721,0.165553,-0.286447,-2.756759,-0.160125,-0.038510,-2.624268,-0.315085,2.062059,0.342289,0.336816,-2.037942,-0.368031,-0.465126
1.062194,-2.789056,0.191195,-0.880730,-2.683960,0.388557,-0.141161,-3.609539,-0.539341,-1.123176,-3.693295,-0.708546,-0.383935,-3.172836,-0.365008,2.133147,-0.232103,-0.185312,-2.155546,0.331245,0.191195
1.486934,-3.898325,0.254418,-1.085518,-3.573487,0.516913,-0.290171,-5.151197,-0.943929,-1.258456,-5.043769,-0.718358,-0.801466,-4.691032,-0.943929,3.508146,0.070601,0.254418,-2.984233,0.318659,0.254418
1.486934,-3.960340,0.254418,-1.085518,-3.636486,0.516913,-0.290171,-5.151197,-0.943929,-1.258456,-5.043769,-0.718358,-0.801466,-4.748552,-0.943929,3.508146,0.132616,0.254418,-2.827708,0.647434,0.516913
1.494144,-3.905934,0.259100,-1.082370,-3.577963,0.526558,-0.302283,-5.228259,-0.960195,-1.269591,-5.119915,-0.730894,-0.814387,-4.824977,-0.960195,3.264661,-0.061212,0.000000,-2.767356,0.655565,0.526558
1.159466,-2.716709,0.349979,-0.565705,-2.363785,0.533435,0.489970,-3.472663,-0.000000,-0.493063,-3.548455,-0.167035,-0.463341,-3.528983,-0.639091,2.245696,-0.082682,-0.000000,-1.764287,0.626786,0.533435
2.034936,-3.955292,0.832474,-0.924971,-3.555704,0.832474,0.144383,-5.503189,-0.512938,-0.821754,-5.450159,-0.260415,-0.595111,-5.312100,-0.757924,3.322702,-0.126952,-0.000000,-2.766691,1.039552,0.832474
1.698853,-3.843063,0.556663,-1.204042,-3.509065,0.556663,-0.356364,-5.551513,-0.522926,-1.150437,-5.241679,-0.000000,-1.289711,-5.421328,-0.772682,3.059966,-0.524666,-0.265485,-2.488353,1.376210,1.150437
1.376446,-3.738832,0.256304,-0.960297,-3.194703,0.793715,-0.576265,-5.377857,-0.723681,-1.093563,-4.921033,0.000000,-1.038250,-4.971529,-0.489655,2.913406,-0.554548,-0.248537,-2.616320,0.997104,0.793715
1.774371,-2.258858,1.108982,-0.684439,-2.337948,0.528499,0.542854,-3.297835,0.000000,-0.429861,-3.460115,-0.165804,0.063865,-3.168508,-0.165804,2.213172,0.042280,0.000000,-2.142943,0.088404,0.170828
1.298829,-2.536631,0.542015,-0.688560,-2.313050,0.542015,0.505881,-3.329329,0.000000,-0.476308,-3.409600,-0.169885,-0.352912,-3.435428,-0.650418,2.276464,0.085367,0.000000,-2.411614,-0.297531,-0.334774
1.801676,-2.229337,1.139233,-0.895559,-2.458323,0.356376,0.364625,-3.468275,-0.170327,-0.614236,-3.588595,-0.335716,-0.156046,-3.377724,-0.335716,2.182072,-0.087505,-0.170327,-2.273544,-0.043433,-0.000000
1.950964,-3.425123,0.787385,-0.681553,-2.946310,1.066779,0.183723,-4.774503,0.000000,-0.614324,-4.464470,0.516721,-1.078374,-4.761023,-0.718916,3.552921,-0.057237,0.254386,-2.668359,0.797227,0.787385
1.074924,-2.637855,0.186883,-0.962794,-2.458447,0.186883,-0.011405,-3.485902,-0.181133,-0.995011,-3.526739,-0.356777,-0.905467,-3.521702,-0.692567,1.922631,-0.444187,-0.356777,-2.046672,0.563995,0.379795
1.294015,-3.959597,0.266909,-1.597500,-4.024656,0.266909,-0.692164,-5.237474,-0.509916,-1.628655,-4.992656,-0.258821,-1.428709,-4.740306,-0.509916,2.514877,-0.882684,-0.753626,-3.011130,0.399363,0.266909
1.564084,-3.925800,0.268983,-1.163851,-3.646891,0.546504,-0.277212,-5.381522,-0.997964,-0.888759,-5.094040,-0.260832,-0.390166,-4.900460,-0.513877,3.442976,0.000000,0.000000,-3.098280,0.335892,0.268983
2.369711,-2.973862,1.323040,-1.055713,-3.174623,0.503609,0.332697,-4.394440,-0.240183,-0.636039,-4.332293,0.000000,-0.410009,-4.170852,-0.473087,3.239852,0.192360,0.247807,-2.667260,0.511792,0.503609
2.090519,-3.490969,0.802522,-0.807475,-3.360559,0.802522,0.474668,-4.848416,-0.251295,-0.491421,-4.789047,0.000000,-0.730009,-4.840426,-0.961475,3.255661,0.000000,0.000000,-2.984996,0.325554,0.259148
2.396143,-2.882252,1.226229,-0.581035,-2.960497,0.965412,0.804632,-4.570212,0.230382,-0.165482,-4.520343,0.467854,-0.170603,-4.497007,-0.223607,3.549623,0.299134,0.467854,-2.521888,0.604943,0.712746
1.369403,-2.881091,0.201493,-0.682308,-2.606798,0.623077,0.350000,-4.050000,0.000000,-0.650000,-4.050000,0.000000,-0.532857,-4.074589,-0.385714,3.192424,0.305284,0.409091,-2.588806,0.201744,0.201493
1.420128,-3.155575,0.397960,-0.582469,-2.459631,1.040123,0.261517,-4.296882,0.196137,-0.672847,-4.003230,0.397960,-0.755694,-4.199692,-0.190689,2.898476,-0.102972,0.000000,-2.962039,0.065073,-0.190689
2.043976,-3.735330,0.969901,-0.724939,-3.222215,1.231028,-0.241261,-5.374086,-0.225399,-1.074622,-5.063672,0.231933,-1.167323,-5.231098,-0.444538,2.535692,-0.891146,-0.657672,-2.638918,0.970950,0.716568
0.529691,-4.460834,-0.674606,-2.096241,-4.118305,-0.231203,-1.315444,-6.043859,-1.492311,-2.204935,-5.819266,-1.094361,-2.224578,-5.737505,-1.683633,3.178614,-0.598238,-0.231203,-2.863851,1.258720,0.735019
0.855497,-3.899506,-0.527763,-1.254022,-3.544176,-0.180676,0.522550,-4.670040,-0.527763,-0.476290,-4.718198,-0.527763,0.014791,-4.498046,-0.694545,3.357352,0.678288,0.572999,-3.052979,-0.405779,-0.356533
1.009033,-3.334194,-0.169744,-1.193237,-3.206250,0.000000,0.007246,-4.534239,-0.652174,-0.992754,-4.534239,-0.652174,-0.581122,-4.421040,-0.804630,2.993582,0.358463,0.354037,-2.747965,-0.171866,-0.169744
0.846525,-4.092425,-0.396121,-1.499391,-3.632677,-0.000000,-0.468560,-5.369827,-0.951212,-1.444414,-5.246236,-0.771116,-1.147493,-5.140249,-1.126630,3.306311,0.099143,0.206549,-2.885563,0.209131,0.206549
0.428200,-3.615179,-0.359049,-1.741642,-3.147245,-0.182053,-1.318691,-4.935297,-1.175071,-1.573168,-4.416308,-0.359049,-1.840944,-4.626841,-1.175071,2.336481,-0.457788,-0.359049,-2.315779,0.737927,0.578766
2.077509,-3.442850,0.699411,-0.949032,-3.450957,0.459209,-0.009354,-5.212311,-0.841884,-0.988126,-5.175271,-0.640306,-0.730401,-5.089532,-1.037939,2.974655,0.170481,0.000000,-3.030781,-0.056827,0.000000
1.528460,-2.620442,0.514569,-0.804897,-2.629581,0.166403,0.377532,-3.698280,-0.318543,-0.608338,-3.767496,-0.471084,-0.240873,-3.676845,-0.619388,2.188506,0.167235,0.000000,-2.229798,-0.041809,0.000000
1.547868,-2.538224,0.355680,-0.759787,-2.724359,0.175186,0.360634,-3.922334,-0.495949,-0.620684,-4.034749,-0.652081,-0.086944,-3.785328,-0.652081,2.461036,0.358036,0.175186,-2.432544,-0.217526,-0.170108
0.717374,-4.203895,-0.232243,-2.285434,-4.716875,-0.677104,-1.117779,-5.615354,-0.890266,-2.058061,-5.349967,-0.677104,-1.972407,-5.257723,-1.097588,2.546245,-0.630553,-0.677104,-2.657102,0.688758,0.739606
0.733124,-3.247511,0.000000,-1.659712,-3.644429,-0.343652,-0.590572,-4.320994,-0.343652,-1.576719,-4.301840,-0.508417,-1.409283,-4.151548,-0.668728,2.026134,-0.476005,-0.508417,-2.016092,0.669184,0.749786
0.822492,-3.461281,-0.193950,-1.367707,-3.115807,0.000000,-0.570556,-4.793233,-0.915875,-1.570556,-4.793233,-0.915875,-1.276036,-4.683535,-1.083995,2.285175,-0.387057,-0.382278,-2.533366,0.252532,0.199827
1.940341,-3.297474,0.669368,-1.192287,-3.473972,0.439778,-0.146853,-5.295906,-0.809192,-1.059216,-5.183018,-0.415681,-0.732019,-5.026597,-0.809192,3.345140,0.336501,0.216748,-2.869144,0.272937,0.439778
1.651253,-3.529451,0.485398,-0.693711,-3.130674,1.001615,-0.137178,-5.004415,-0.457259,-1.105827,-4.899666,-0.231992,-0.761252,-4.774643,-0.457259,2.369655,-0.802857,-0.676090,-2.143914,1.489443,1.272213
1.253222,-2.403456,0.381047,-0.671772,-2.359159,0.381047,0.465724,-3.215087,0.000000,-0.513439,-3.306266,-0.181451,-0.272555,-3.145426,-0.357232,2.116929,-0.085736,0.000000,-2.116929,0.128603,0.000000
0.802139,-2.943931,-0.182612,-0.828015,-2.616886,0.188503,0.843374,-3.418493,0.188503,-0.129857,-3.549974,0.000000,-0.104279,-3.585832,-0.531234,2.294844,0.277806,0.188503,-2.308349,-0.225982,-0.182612
1.403967,-3.725906,0.224435,-1.487923,-3.606394,0.224435,-0.274772,-5.266280,-0.218201,-1.074796,-4.861268,0.224435,-1.221128,-5.002062,-0.430424,2.910143,-0.303449,-0.430424,-3.140431,0.217983,0.224435
2.116690,-3.505912,0.887432,-0.770251,-3.212360,1.125367,0.089305,-5.161702,-0.408686,-0.658708,-4.928667,0.212741,-0.172556,-4.775494,0.000000,3.393606,0.000000,0.000000,-3.109208,0.300895,0.431391
1.878050,-3.389394,0.647603,-1.098527,-3.330300,0.647603,-0.063330,-5.096894,-0.596477,-0.978644,-5.005689,-0.204199,-0.316131,-4.670292,-0.204199,3.106854,-0.142429,-0.204199,-2.966183,0.296894,0.425655
1.913799,-3.373571,0.634279,-0.957862,-3.213483,0.857787,0.143382,-4.932978,-0.395033,-0.638226,-4.764792,0.205634,-0.506228,-4.658924,-0.395033,3.089726,-0.138854,-0.200150,-2.951289,0.289280,0.416980
0.989427,-3.005386,0.000000,-1.214297,-2.868777,0.000000,-0.392097,-3.773728,-0.855139,-1.379202,-3.806063,-1.011914,-0.966940,-3.513873,-1.011914,2.300385,-0.180785,-0.181238,-2.428595,0.136608,0.000000
2.137199,-3.744997,0.826710,-1.139310,-3.554240,0.542529,0.198573,-5.058919,-0.510615,-0.642997,-4.882757,0.000000,-0.766085,-4.918099,-0.992052,3.472183,0.000000,0.000000,-3.205092,0.200318,0.267091
1.796855,-2.717507,0.815379,-0.580580,-2.461426,0.815379,0.523202,-3.660034,0.000000,-0.475638,-3.708192,0.000000,-0.438946,-3.639395,-0.550381,2.568445,0.048158,0.000000,-2.266964,0.296359,0.395145
1.689755,-3.006256,0.651763,-0.947319,-2.960887,0.427719,0.352579,-4.046352,-0.204284,-0.646142,-4.096912,-0.204284,-0.476070,-3.932042,-0.595088,2.318444,-0.252103,-0.402559,-2.411070,0.267859,0.427719
1.667234,-2.968445,0.610791,-0.554472,-2.596101,0.827113,0.887375,-3.629422,0.197520,-0.107538,-3.730157,0.197520,0.152725,-3.567375,-0.191794,3.205523,0.665762,0.610791,-2.339310,0.249638,0.401025
1.353434,-2.347745,0.500585,-0.438216,-2.044295,0.678041,0.888408,-2.848253,0.328589,-0.084498,-3.008366,0.161805,-0.030381,-2.955339,-0.309541,2.244300,0.284575,0.161805,-1.883912,0.165116,0.328589
1.140351,-3.463816,0.000000,-0.700501,-2.782049,0.733083,0.132832,-4.238628,-0.451128,-0.867168,-4.238628,-0.451128,-0.340852,-3.865602,-0.451128,2.553062,-0.176971,-0.229088,-2.440938,0.541700,0.480710
1.645482,-3.224432,0.755579,-0.981319,-2.982647,0.755579,-0.737173,-4.768970,-0.687915,-1.194934,-4.205739,-0.000000,-1.124238,-4.270336,-0.465559,2.678752,-0.409495,-0.236360,-2.354420,0.885916,0.755579
1.159825,-4.110132,0.000000,-1.559944,-3.960711,0.280603,-0.831794,-5.278524,-0.790790,-1.596774,-4.897091,-0.271834,-1.902720,-5.093531,-1.279219,2.489524,-0.857019,-0.790790,-3.000373,0.414591,0.280603
1.972459,-3.566276,0.851648,-0.915836,-3.191935,1.154146,-0.189637,-5.080210,-0.266678,-0.929946,-4.682068,0.275011,-0.831639,-4.690194,-0.266678,3.084572,-0.335014,-0.266678,-3.114758,0.278449,0.275011
1.643548,-2.626784,0.653226,-0.767742,-2.626784,0.653226,0.400000,-3.746250,0.000000,-0.600000,-3.746250,-0.000000,-0.415672,-3.700159,-0.402985,2.782031,0.162949,0.210937,-2.292063,0.383304,0.428571
2.513324,-3.031307,1.297510,-0.717118,-3.204744,0.753393,0.508519,-4.440137,-0.235911,-0.461337,-4.379095,0.000000,-0.448616,-4.333587,-0.686917,2.998689,0.116776,0.000000,-2.612411,0.327158,0.494289
1.921947,-3.722090,0.559187,-1.060385,-3.654987,0.559187,0.249030,-5.076340,-0.525297,-0.577827,-4.875413,-0.000000,-0.373545,-4.698126,-0.525297,3.034331,-0.081007,-0.266689,-3.065437,0.281691,0.275156
1.511342,-2.274522,0.555439,-0.413302,-2.210897,0.752726,0.510181,-3.142395,0.000000,-0.459292,-3.315234,-0.173925,-0.040583,-2.976079,-0.173925,2.011092,0.033915,-0.173925,-2.073938,0.096182,0.179360
1.919822,-4.319599,0.000000,-1.148959,-4.369880,0.304734,0.456342,-5.690695,-0.859622,-0.356616,-5.546808,-0.295357,0.273479,-4.979722,-0.295357,3.353945,0.053164,-0.295357,-3.857146,-0.372150,-0.295357
1.674751,-2.941598,0.224186,-0.709381,-3.089921,0.455489,0.731082,-3.983170,-0.217392,-0.263286,-4.089149,-0.217392,0.207730,-3.665234,-0.217392,3.073704,0.407378,0.455489,-2.710157,-0.053805,0.000000
1.644807,-2.367483,0.575505,-0.541897,-2.519637,0.377580,0.836969,-3.122113,-0.000000,-0.110127,-3.387695,-0.180209,0.167657,-3.126107,-0.355038,2.070396,-0.133805,0.000000,-2.123395,0.232068,0.185840
2.235424,-3.780569,0.576746,-0.958039,-3.710278,0.576746,0.770286,-4.971317,-0.542313,-0.067287,-4.905223,0.000000,-0.051455,-4.709856,-0.801507,2.876010,-0.342705,-0.275265,-3.170900,0.353415,0.283867
0.872825,-1.830594,0.000000,-0.391386,-1.886705,0.133596,0.685791,-2.177776,-0.000000,-0.176333,-2.516478,-0.376859,0.121432,-2.245140,-0.376859,1.361511,-0.160238,-0.129485,-1.558616,0.094686,0.000000
1.208891,-2.901433,0.224330,-1.360937,-2.861895,0.000000,-0.060156,-3.762861,-0.632812,-1.060156,-3.762861,-0.632812,-0.686627,-3.513459,-0.831342,1.889844,-0.168486,-0.632812,-2.189995,-0.042740,0.455897
1.086658,-2.497453,0.193152,-1.019412,-2.404740,0.193152,0.110623,-3.197014,-0.368744,-0.869760,-3.285512,-0.544861,-0.439252,-2.936801,-0.544861,1.919929,0.129174,-0.187209,-2.163300,-0.365057,0.000000
1.934275,-3.470714,0.798554,-1.143207,-3.617917,0.524051,0.016203,-5.132053,-0.729114,-0.830602,-4.900424,-0.250293,-0.218775,-4.466791,-0.250293,2.962727,-0.130465,-0.250293,-2.990823,0.198333,0.257994
2.045879,-3.527223,0.767205,-0.975256,-3.415469,0.503478,0.730308,-4.588112,-0.240467,-0.238686,-4.531302,0.000000,0.049141,-4.350050,-0.473862,2.923902,0.120835,0.000000,-2.873411,0.066924,0.247866
2.117452,-1.806250,1.760661,-0.543103,-1.640588,1.211884,0.309231,-3.380917,0.701617,-0.678230,-3.223053,0.701617,-0.740596,-3.599295,0.000000,2.137610,-0.520390,-0.218536,-1.873577,0.881406,0.701617
-0.287932,-5.224187,-1.312095,-2.618938,-4.476689,-0.678286,-2.195039,-6.603116,-1.905661,-2.850161,-6.135682,-1.312095,-3.070894,-6.424907,-2.188533,2.679230,-0.779605,-0.678286,-2.874084,0.836304,0.727616
0.274715,-3.919846,-0.549431,-1.866118,-3.457170,-0.279452,-1.443635,-5.162447,-1.307114,-1.813122,-4.624492,-0.549431,-1.995527,-4.827172,-1.307114,2.499542,-0.351062,-0.279452,-2.466607,0.487332,0.289432
0.349955,-4.026845,-0.555810,-1.916551,-3.615004,-0.282615,-0.981020,-5.019718,-0.820048,-1.979251,-4.960264,-0.820048,-1.981115,-4.953658,-1.323358,2.575987,-0.295686,-0.282615,-2.603532,0.433313,0.292532
0.646260,-4.341994,-0.317833,-1.944666,-3.937949,0.000000,-1.373364,-5.804845,-1.209815,-2.285097,-5.511514,-0.922236,-2.280904,-5.506208,-1.488265,2.967617,-0.401661,-0.317833,-2.930402,0.487309,0.328985
0.922324,-2.754868,0.000000,-1.276890,-2.829882,-0.204121,-0.415046,-3.916348,-0.778211,-1.394129,-4.011978,-0.957798,-0.968441,-3.796474,-0.957798,2.259695,-0.046693,-0.000000,-2.103369,0.219218,0.211040
1.048387,-3.184476,0.000000,-1.119712,-2.886910,0.232020,-0.197581,-4.325988,-0.653226,-1.197581,-4.325988,-0.653226,-0.966237,-4.244383,-1.056211,2.134451,-0.358254,-0.442288,-2.451679,0.241881,0.232020
0.878648,-3.368973,-0.224654,-0.924328,-2.742188,0.471774,-0.145161,-4.328438,-0.653226,-1.145161,-4.328438,-0.653226,-0.913818,-4.297458,-1.056211,2.136089,-0.308496,-0.442288,-2.452538,0.242751,0.232020
0.833029,-3.482972,-0.619608,-1.047518,-3.318739,-0.419629,0.553058,-4.097158,-0.619608,-0.422534,-4.200371,-0.813434,-0.056374,-4.025575,-1.001387,2.839488,0.520051,0.448078,-2.555223,-0.320597,-0.213198
1.035425,-3.887818,-0.259577,-1.661294,-3.675614,0.000000,-0.884938,-5.424554,-1.221540,-1.829352,-5.189375,-0.991818,-1.845883,-5.257997,-1.661294,2.852466,-0.269636,-0.259577,-3.076471,-0.000000,-0.000000
1.515995,-3.870730,0.000000,-1.404048,-3.639800,0.282483,-0.620918,-5.729686,-1.289599,-1.454017,-5.478388,-0.796856,-0.824402,-5.095897,-0.796856,3.113113,-0.086244,-0.273792,-2.989465,0.525283,0.574079
0.734740,-3.303665,-0.355519,-1.176821,-2.877621,0.185488,-0.072078,-4.266307,-0.525974,-1.072078,-4.266307,-0.525974,-0.824805,-4.188375,-0.853247,2.654545,0.047995,0.000000,-2.388254,0.286559,0.376432
0.575581,-3.622657,-0.400017,-2.064691,-3.964514,-0.777499,-0.927849,-4.778458,-0.958375,-1.926689,-4.730299,-0.958375,-1.546178,-4.441349,-0.958375,2.196413,-0.501997,-0.591454,-2.709007,0.051752,0.000000
0.435194,-3.672192,-0.591454,-1.913099,-3.969398,-0.591454,-0.880285,-4.778458,-0.958375,-1.879125,-4.730299,-0.958375,-1.498615,-4.441349,-0.958375,2.196413,-0.501997,-0.591454,-2.609878,0.212498,0.209100
1.314366,-3.879970,-0.220422,-1.405800,-3.767555,-0.220422,-0.100480,-5.197808,-1.233169,-1.081844,-5.214321,-1.041718,-0.779607,-5.026603,-1.419515,3.461732,0.649843,0.460881,-2.864293,0.238506,0.460881
1.356183,-3.407409,0.000000,-1.383845,-3.510597,-0.393096,0.296422,-4.375838,-0.764047,-0.698961,-4.471822,-0.764047,-0.695169,-4.377758,-1.446595,2.662136,0.101714,0.000000,-2.712365,-0.050857,0.000000
2.103123,-3.406720,0.903489,-1.359526,-3.579438,0.216052,0.096056,-4.859767,-0.612640,-0.883412,-4.824774,-0.414099,-0.433386,-4.538131,-0.612640,3.036728,0.111807,0.000000,-2.759038,0.332132,0.438458
1.147128,-2.725260,0.161821,-1.154525,-2.843696,-0.157197,0.377125,-3.521990,-0.309966,-0.594341,-3.706904,-0.458492,-0.598452,-3.686091,-1.013508,1.921790,-0.153433,-0.309966,-2.241514,0.000000,0.000000
1.070034,-3.847731,-0.206659,-1.570608,-3.687312,-0.206659,-0.284544,-5.047260,-0.977441,-1.263859,-4.964804,-0.792664,-1.127258,-4.910155,-1.332406,2.707232,-0.158094,-0.206659,-2.841222,0.272835,0.212737
1.182458,-4.016488,-0.228372,-1.735625,-3.957397,-0.228372,-0.369647,-5.581606,-1.080137,-1.260626,-5.395282,-0.666084,-1.299449,-5.431566,-1.472397,2.991670,-0.175561,-0.228372,-3.079660,0.302383,0.235089
0.380314,-4.700040,-0.491315,-2.589411,-4.386826,-0.491315,-1.788454,-6.167909,-1.394272,-2.628938,-5.850228,-0.955334,-2.490754,-5.693856,-1.394272,2.758359,-0.929130,-0.726592,-2.879720,0.947434,0.793662
0.385375,-3.724369,-0.374285,-1.890426,-3.877939,-0.189816,-1.577326,-5.029906,-1.380479,-1.835180,-4.530076,-0.553630,-1.848385,-4.572096,-1.062969,2.346212,-0.528444,-0.374285,-2.129937,1.062710,1.038056
-0.115748,-4.814773,-0.868113,-2.707046,-4.658100,-0.660255,-2.135254,-5.976960,-1.644846,-2.520744,-5.478880,-0.868113,-2.568844,-5.419110,-1.458430,2.081093,-1.255434,-1.070277,-2.513911,1.369720,0.976627
0.556844,-4.216468,-0.780015,-1.742271,-3.766260,-0.400693,-0.889996,-5.541407,-1.481041,-1.861147,-5.372681,-1.312525,-1.625708,-5.316517,-1.645344,2.909257,-0.097502,-0.203129,-3.047320,0.155916,0.208933
0.850812,-3.866693,-0.374136,-1.591491,-3.521437,-0.189630,-0.668463,-5.130680,-1.226597,-1.648542,-5.015433,-1.064848,-1.229193,-4.799498,-1.226597,2.973686,0.000000,0.000000,-2.745166,0.403425,0.395515
1.091538,-2.762955,0.000000,-1.049555,-2.762955,0.000000,-0.134670,-3.970264,-0.736052,-1.120602,-4.067592,-0.871938,-0.780657,-3.852533,-1.004385,2.617680,0.205949,0.159651,-2.246648,0.330340,0.323863
1.523168,-4.194805,0.000000,-1.840346,-4.267380,-0.483830,-0.187071,-5.544128,-1.158466,-1.162830,-5.557236,-0.940012,-0.858051,-5.361742,-1.370851,3.290043,0.061688,0.000000,-3.151318,0.196454,0.253080
0.711388,-4.157905,-0.704431,-1.909168,-4.207451,-0.476630,-0.799177,-5.649195,-1.552357,-1.777454,-5.607321,-1.349333,-1.726973,-5.571764,-1.941945,2.962247,-0.248579,-0.241926,-3.252558,0.119753,-0.000000
0.806662,-4.777963,-0.777853,-1.898839,-4.504031,-0.267024,-0.936739,-6.433271,-1.715539,-1.814260,-6.283766,-1.259903,-1.815925,-6.295564,-1.934121,3.710647,-0.067090,0.000000,-3.267523,0.712829,0.559082
1.035370,-3.847642,0.235708,-1.916221,-3.542695,0.235708,-0.883948,-5.206956,-0.878255,-1.752479,-4.954902,-0.451497,-1.397517,-4.708272,-0.667840,2.805137,-0.573966,-0.451497,-2.940242,0.543602,0.235708
